[
  [
    1
  ],
  [
    15
  ],
  [
    39,
    102
  ],
  [
    60
  ],
  [
    416
  ],
  [
    146,
    153
  ],
  [
    12,
    14,
    35
  ],
  [
    145
  ],
  [
    5,
    96
  ],
  [
    252
  ],
  [
    286
  ],
  [
    235
  ],
  [
    142,
    170,
    192
  ],
  [
    64,
    163,
    215
  ],
  [
    131,
    257
  ],
  [
    138,
    311
  ],
  [
    224,
    285
  ],
  [
    282
  ],
  [
    319
  ],
  [
    251
  ],
  [
    250
  ],
  [
    348
  ],
  [
    243
  ],
  [
    214
  ],
  [
    128
  ],
  [
    112,
    118,
    120
  ],
  [
    374
  ],
  [
    46,
    241
  ],
  [
    45,
    68,
    100,
    149,
    391
  ],
  [
    31,
    88,
    99,
    236
  ],
  [
    107
  ],
  [
    168,
    186
  ],
  [
    380
  ],
  [
    38
  ],
  [
    30
  ],
  [
    191,
    198
  ],
  [
    141,
    290
  ],
  [
    133,
    151
  ],
  [
    140,
    180,
    221
  ],
  [
    454
  ],
  [
    287
  ],
  [
    406
  ],
  [
    271
  ],
  [
    279
  ],
  [
    204,
    270,
    291
  ],
  [
    121,
    127,
    179,
    203
  ],
  [
    119,
    124,
    126
  ],
  [
    114
  ],
  [
    2,
    6,
    77
  ],
  [
    105
  ],
  [
    18,
    74,
    84
  ],
  [
    307,
    354
  ],
  [
    375
  ],
  [
    187,
    226,
    230
  ],
  [
    8,
    44,
    219
  ],
  [
    325,
    353
  ],
  [
    254,
    372,
    409
  ],
  [
    422
  ],
  [
    3,
    4,
    49,
    52,
    113,
    159,
    183
  ],
  [
    430
  ],
  [
    432
  ],
  [
    445
  ],
  [
    444,
    447
  ],
  [
    434
  ],
  [
    448
  ],
  [
    322
  ],
  [
    265,
    289,
    379
  ],
  [
    216,
    217,
    310
  ],
  [
    332
  ],
  [
    315
  ],
  [
    237
  ],
  [
    11
  ],
  [
    347
  ],
  [
    427
  ],
  [
    341
  ],
  [
    306,
    342
  ],
  [
    239,
    244,
    381
  ],
  [
    339
  ],
  [
    449
  ],
  [
    405
  ],
  [
    336
  ],
  [
    330
  ],
  [
    218
  ],
  [
    208,
    212
  ],
  [
    268,
    312
  ],
  [
    303
  ],
  [
    403
  ],
  [
    329
  ],
  [
    207,
    367
  ],
  [
    201
  ],
  [
    316
  ],
  [
    155
  ],
  [
    148,
    231
  ],
  [
    452
  ],
  [
    260,
    451
  ],
  [
    245,
    248
  ],
  [
    65,
    80,
    147,
    169,
    234
  ],
  [
    326
  ],
  [
    33,
    51,
    89,
    94,
    108,
    177,
    205,
    232
  ],
  [
    335
  ],
  [
    423
  ],
  [
    404
  ],
  [
    233
  ],
  [
    109,
    172,
    181
  ],
  [
    29,
    37
  ],
  [
    400
  ],
  [
    313,
    338
  ],
  [
    337
  ],
  [
    424
  ],
  [
    16,
    42,
    85,
    160,
    171,
    173
  ],
  [
    255,
    366
  ],
  [
    259
  ],
  [
    321
  ],
  [
    373,
    435
  ],
  [
    421
  ],
  [
    302,
    129,
    350
  ],
  [
    361,
    362
  ],
  [
    397
  ],
  [
    317,
    351,
    446
  ],
  [
    299,
    314,
    355
  ],
  [
    359,
    368,
    382
  ],
  [
    356
  ],
  [
    388,
    390
  ],
  [
    439
  ],
  [
    450
  ],
  [
    305,
    399,
    408
  ],
  [
    294
  ],
  [
    293,
    304
  ],
  [
    284
  ],
  [
    273,
    426
  ],
  [
    431
  ],
  [
    184,
    223
  ],
  [
    238
  ],
  [
    402
  ],
  [
    395
  ],
  [
    389
  ],
  [
    222
  ],
  [
    193,
    195,
    199,
    276,
    385
  ],
  [
    443
  ],
  [
    392
  ],
  [
    280,
    394
  ],
  [
    343
  ],
  [
    229,
    275,
    277
  ],
  [
    200
  ],
  [
    206
  ],
  [
    202
  ],
  [
    189,
    197
  ],
  [
    188
  ],
  [
    175,
    176
  ],
  [
    174
  ],
  [
    144,
    152
  ],
  [
    136
  ],
  [
    438
  ],
  [
    83,
    97,
    104,
    134,
    225
  ],
  [
    360
  ],
  [
    318
  ],
  [
    101,
    132,
    135,
    164
  ],
  [
    157
  ],
  [
    78,
    182
  ],
  [
    66
  ],
  [
    25,
    56,
    125,
    210
  ],
  [
    396
  ],
  [
    331,
    334
  ],
  [
    371
  ],
  [
    376
  ],
  [
    328
  ],
  [
    309
  ],
  [
    63,
    414
  ],
  [
    453
  ],
  [
    349
  ],
  [
    415
  ],
  [
    298,
    357,
    369,
    370
  ],
  [
    228
  ],
  [
    196,
    262
  ],
  [
    130,
    154
  ],
  [
    103,
    106,
    156,
    178,
    292
  ],
  [
    62
  ],
  [
    7,
    23,
    27
  ],
  [
    59
  ],
  [
    95,
    213,
    387
  ],
  [
    437
  ],
  [
    57,
    61,
    220
  ],
  [
    209,
    240,
    258
  ],
  [
    76,
    87,
    267,
    269,
    274
  ],
  [
    363,
    364
  ],
  [
    386,
    412
  ],
  [
    300,
    411
  ],
  [
    433
  ],
  [
    401
  ],
  [
    442
  ],
  [
    261,
    301
  ],
  [
    73,
    79,
    92
  ],
  [
    98
  ],
  [
    55,
    90,
    122,
    158,
    346
  ],
  [
    26,
    32,
    43,
    111,
    167
  ],
  [
    21,
    24,
    246
  ],
  [
    384
  ],
  [
    419
  ],
  [
    161,
    297,
    352
  ],
  [
    377
  ],
  [
    340
  ],
  [
    333,
    393
  ],
  [
    13,
    19,
    20,
    71,
    91,
    137,
    247
  ],
  [
    272
  ],
  [
    425
  ],
  [
    428
  ],
  [
    441
  ],
  [
    327
  ],
  [
    75,
    81,
    110,
    123,
    150,
    211,
    281
  ],
  [
    82,
    93
  ],
  [
    67,
    86
  ],
  [
    407
  ],
  [
    40,
    58,
    69
  ],
  [
    0,
    17,
    36,
    420
  ],
  [
    378
  ],
  [
    54,
    227
  ],
  [
    256,
    266
  ],
  [
    10
  ],
  [
    143,
    242,
    398
  ],
  [
    429,
    436
  ],
  [
    383,
    417
  ],
  [
    47,
    48,
    115,
    117
  ],
  [
    410
  ],
  [
    41,
    162,
    358
  ],
  [
    264
  ],
  [
    53,
    70,
    139,
    166
  ],
  [
    34,
    185
  ],
  [
    165
  ],
  [
    194
  ],
  [
    278
  ],
  [
    263
  ],
  [
    288
  ],
  [
    295
  ],
  [
    283,
    344
  ],
  [
    296
  ],
  [
    345
  ],
  [
    323
  ],
  [
    9,
    22,
    28,
    116
  ],
  [
    50
  ],
  [
    72
  ],
  [
    249
  ],
  [
    413
  ],
  [
    418
  ],
  [
    324
  ],
  [
    190
  ],
  [
    253
  ],
  [
    440
  ],
  [
    320,
    365
  ],
  [
    308
  ]
]