[
  [
    1
  ],
  [
    15
  ],
  [
    39,
    102
  ],
  [
    60
  ],
  [
    416
  ],
  [
    146,
    153
  ],
  [
    12,
    14,
    35
  ],
  [
    145
  ],
  [
    5,
    96
  ],
  [
    252
  ],
  [
    286
  ],
  [
    235
  ],
  [
    142,
    170,
    192,
    536
  ],
  [
    64,
    163,
    215
  ],
  [
    575
  ],
  [
    556
  ],
  [
    131,
    257
  ],
  [
    138,
    311
  ],
  [
    509
  ],
  [
    224,
    285
  ],
  [
    282
  ],
  [
    319
  ],
  [
    11
  ],
  [
    251
  ],
  [
    250
  ],
  [
    348,
    570
  ],
  [
    243
  ],
  [
    214
  ],
  [
    128
  ],
  [
    112,
    118,
    120
  ],
  [
    374
  ],
  [
    545
  ],
  [
    602
  ],
  [
    554
  ],
  [
    46,
    241
  ],
  [
    45,
    68,
    100,
    149,
    391
  ],
  [
    31,
    88,
    99,
    236
  ],
  [
    107
  ],
  [
    186
  ],
  [
    380
  ],
  [
    38
  ],
  [
    611
  ],
  [
    517
  ],
  [
    30,
    610
  ],
  [
    474,
    480
  ],
  [
    191,
    198
  ],
  [
    500,
    604
  ],
  [
    141,
    290
  ],
  [
    133,
    151
  ],
  [
    577,
    582
  ],
  [
    574,
    593
  ],
  [
    565
  ],
  [
    140,
    180,
    221
  ],
  [
    454
  ],
  [
    579
  ],
  [
    287
  ],
  [
    406,
    530
  ],
  [
    271
  ],
  [
    279
  ],
  [
    204,
    270,
    291
  ],
  [
    121,
    127,
    179,
    203,
    578
  ],
  [
    119,
    124,
    126
  ],
  [
    114
  ],
  [
    2,
    6,
    77
  ],
  [
    105
  ],
  [
    515
  ],
  [
    18,
    74,
    84
  ],
  [
    307,
    354
  ],
  [
    375
  ],
  [
    187,
    226,
    230,
    492
  ],
  [
    8,
    44,
    219
  ],
  [
    325,
    353
  ],
  [
    254,
    372,
    409,
    168
  ],
  [
    422,
    540,
    551
  ],
  [
    3,
    4,
    49,
    52,
    113,
    159,
    183
  ],
  [
    430
  ],
  [
    432,
    566
  ],
  [
    599
  ],
  [
    445
  ],
  [
    444,
    447
  ],
  [
    434
  ],
  [
    448
  ],
  [
    590
  ],
  [
    533
  ],
  [
    511,
    532,
    547,
    569
  ],
  [
    568
  ],
  [
    513
  ],
  [
    583
  ],
  [
    555
  ],
  [
    542
  ],
  [
    534
  ],
  [
    564
  ],
  [
    546
  ],
  [
    520,
    553
  ],
  [
    539
  ],
  [
    523,
    531,
    535,
    538
  ],
  [
    489,
    518
  ],
  [
    322
  ],
  [
    473
  ],
  [
    265,
    289,
    379
  ],
  [
    494
  ],
  [
    216,
    217,
    310
  ],
  [
    332
  ],
  [
    315
  ],
  [
    237,
    472
  ],
  [
    347
  ],
  [
    427
  ],
  [
    341,
    461,
    488
  ],
  [
    306,
    342
  ],
  [
    600
  ],
  [
    485,
    543
  ],
  [
    239,
    244,
    381
  ],
  [
    339
  ],
  [
    449
  ],
  [
    405
  ],
  [
    544
  ],
  [
    495
  ],
  [
    336,
    471,
    490
  ],
  [
    330,
    507
  ],
  [
    218
  ],
  [
    208,
    212
  ],
  [
    268,
    312
  ],
  [
    572
  ],
  [
    504
  ],
  [
    303
  ],
  [
    403
  ],
  [
    329,
    460
  ],
  [
    207,
    367
  ],
  [
    201
  ],
  [
    484
  ],
  [
    316
  ],
  [
    562,
    605
  ],
  [
    506
  ],
  [
    519
  ],
  [
    155
  ],
  [
    148,
    231
  ],
  [
    452,
    466
  ],
  [
    482
  ],
  [
    529
  ],
  [
    260,
    451
  ],
  [
    245,
    248
  ],
  [
    498
  ],
  [
    65,
    80,
    147,
    169,
    234,
    497
  ],
  [
    326
  ],
  [
    33,
    51,
    89,
    94,
    108,
    177,
    205,
    232
  ],
  [
    335
  ],
  [
    423
  ],
  [
    404
  ],
  [
    512
  ],
  [
    233
  ],
  [
    109,
    172,
    181
  ],
  [
    29,
    37
  ],
  [
    400
  ],
  [
    313,
    338
  ],
  [
    337
  ],
  [
    424
  ],
  [
    16,
    42,
    85,
    160,
    171,
    173
  ],
  [
    255,
    366
  ],
  [
    259
  ],
  [
    502,
    560
  ],
  [
    321
  ],
  [
    373,
    435
  ],
  [
    421
  ],
  [
    302,
    129,
    350
  ],
  [
    361,
    362
  ],
  [
    397
  ],
  [
    548
  ],
  [
    317,
    351,
    446
  ],
  [
    603
  ],
  [
    527,
    552
  ],
  [
    299,
    314,
    355,
    465
  ],
  [
    359,
    368,
    382,
    549
  ],
  [
    356
  ],
  [
    586,
    613
  ],
  [
    601,
    609
  ],
  [
    587
  ],
  [
    388,
    390,
    592,
    614
  ],
  [
    612
  ],
  [
    571,
    591
  ],
  [
    521
  ],
  [
    589
  ],
  [
    563
  ],
  [
    439
  ],
  [
    450
  ],
  [
    305,
    399,
    408,
    457
  ],
  [
    528
  ],
  [
    459
  ],
  [
    516
  ],
  [
    294
  ],
  [
    510,
    576
  ],
  [
    293,
    304
  ],
  [
    477
  ],
  [
    550
  ],
  [
    491,
    496
  ],
  [
    487
  ],
  [
    284,
    486
  ],
  [
    273,
    426
  ],
  [
    476
  ],
  [
    431
  ],
  [
    475,
    558
  ],
  [
    184,
    223,
    503
  ],
  [
    238
  ],
  [
    402
  ],
  [
    395
  ],
  [
    389
  ],
  [
    222
  ],
  [
    193,
    195,
    199,
    276,
    385
  ],
  [
    443
  ],
  [
    458
  ],
  [
    392
  ],
  [
    280,
    394
  ],
  [
    343
  ],
  [
    229,
    275,
    277
  ],
  [
    585
  ],
  [
    200
  ],
  [
    206
  ],
  [
    202
  ],
  [
    189,
    197
  ],
  [
    188
  ],
  [
    175,
    176
  ],
  [
    174
  ],
  [
    144,
    152
  ],
  [
    136
  ],
  [
    584
  ],
  [
    438
  ],
  [
    83,
    97,
    104,
    134,
    225
  ],
  [
    360
  ],
  [
    525
  ],
  [
    318
  ],
  [
    101,
    132,
    135,
    164
  ],
  [
    595
  ],
  [
    508
  ],
  [
    157
  ],
  [
    78,
    182
  ],
  [
    66
  ],
  [
    25,
    56,
    125,
    210
  ],
  [
    396
  ],
  [
    470
  ],
  [
    331,
    334
  ],
  [
    371
  ],
  [
    462
  ],
  [
    376
  ],
  [
    328,
    541
  ],
  [
    309
  ],
  [
    63,
    414
  ],
  [
    455
  ],
  [
    453
  ],
  [
    349
  ],
  [
    415,
    501
  ],
  [
    573
  ],
  [
    298,
    357,
    369,
    370,
    594
  ],
  [
    588,
    598
  ],
  [
    479
  ],
  [
    468,
    597
  ],
  [
    228,
    580
  ],
  [
    557
  ],
  [
    196,
    262
  ],
  [
    130,
    154
  ],
  [
    103,
    106,
    156,
    178,
    292
  ],
  [
    62
  ],
  [
    7,
    23,
    27
  ],
  [
    59
  ],
  [
    95,
    213,
    387
  ],
  [
    567
  ],
  [
    469
  ],
  [
    561
  ],
  [
    437
  ],
  [
    57,
    61,
    220
  ],
  [
    209,
    240,
    258
  ],
  [
    76,
    87,
    267,
    269,
    274,
    463
  ],
  [
    363,
    364
  ],
  [
    386,
    412,
    522
  ],
  [
    300,
    411
  ],
  [
    537
  ],
  [
    467
  ],
  [
    464
  ],
  [
    433
  ],
  [
    401
  ],
  [
    442
  ],
  [
    261,
    301
  ],
  [
    73,
    79,
    92
  ],
  [
    98
  ],
  [
    55,
    90,
    122,
    158,
    346
  ],
  [
    26,
    32,
    43,
    111,
    167
  ],
  [
    21,
    24,
    246
  ],
  [
    384
  ],
  [
    419
  ],
  [
    161,
    297,
    352
  ],
  [
    377
  ],
  [
    340
  ],
  [
    333,
    393
  ],
  [
    13,
    19,
    20,
    71,
    91,
    137,
    247
  ],
  [
    272
  ],
  [
    425
  ],
  [
    428
  ],
  [
    606
  ],
  [
    514
  ],
  [
    483
  ],
  [
    441
  ],
  [
    456
  ],
  [
    493
  ],
  [
    526,
    607
  ],
  [
    327
  ],
  [
    499
  ],
  [
    75,
    81,
    110,
    123,
    150,
    211,
    281
  ],
  [
    82,
    93
  ],
  [
    67,
    86
  ],
  [
    581
  ],
  [
    407
  ],
  [
    40,
    58,
    69
  ],
  [
    0,
    17,
    36,
    420,
    559
  ],
  [
    378
  ],
  [
    54,
    227
  ],
  [
    256,
    266
  ],
  [
    10
  ],
  [
    143,
    242,
    398
  ],
  [
    429,
    436
  ],
  [
    383,
    417
  ],
  [
    47,
    48,
    115,
    117
  ],
  [
    410
  ],
  [
    41,
    162,
    358
  ],
  [
    264
  ],
  [
    53,
    70,
    139,
    166
  ],
  [
    34,
    185
  ],
  [
    165
  ],
  [
    194
  ],
  [
    278
  ],
  [
    263
  ],
  [
    608
  ],
  [
    481
  ],
  [
    288,
    478
  ],
  [
    524
  ],
  [
    505
  ],
  [
    295
  ],
  [
    283,
    344
  ],
  [
    296
  ],
  [
    345
  ],
  [
    323
  ],
  [
    9,
    22,
    28,
    116
  ],
  [
    50
  ],
  [
    72
  ],
  [
    249
  ],
  [
    413
  ],
  [
    418
  ],
  [
    324
  ],
  [
    190,
    596
  ],
  [
    253
  ],
  [
    440
  ],
  [
    320,
    365
  ],
  [
    308
  ]
]